score_0.npy
(2, 32, 1, 1)
[[[[-8.9032501e-06]]

  [[-7.1213349e-06]]

  [[-5.0288668e-07]]

  [[-5.1538882e-06]]

  [[-4.2411375e-06]]

  [[ 1.4022490e-07]]

  [[ 8.9197067e-07]]

  [[ 5.1508946e-06]]

  [[ 6.8806406e-07]]

  [[-3.0204098e-06]]

  [[ 5.6209724e-06]]

  [[-4.5544039e-06]]

  [[-9.6120129e-06]]

  [[-2.1578837e-06]]

  [[ 2.7289484e-06]]

  [[ 8.6823229e-06]]

  [[-3.8857852e-06]]

  [[ 1.4563170e-06]]

  [[ 9.2492965e-06]]

  [[ 1.8180040e-06]]

  [[ 6.5811701e-06]]

  [[-2.3448729e-06]]

  [[ 1.1533199e-06]]

  [[-5.3169174e-06]]

  [[ 1.8629266e-06]]

  [[-6.6508060e-06]]

  [[-6.6767793e-06]]

  [[-1.2375349e-06]]

  [[-5.2390524e-06]]

  [[-6.1496453e-06]]

  [[-6.6466232e-06]]

  [[ 7.1377690e-06]]]


 [[[-2.3474631e-06]]

  [[ 1.7344517e-05]]

  [[-6.9699095e-06]]

  [[ 2.7393633e-06]]

  [[ 5.8149571e-06]]

  [[-4.2160009e-06]]

  [[ 2.6268835e-06]]

  [[ 9.8605926e-07]]

  [[ 1.6660543e-06]]

  [[ 4.5625038e-06]]

  [[-2.9310554e-06]]

  [[-4.1620301e-06]]

  [[-6.8089448e-06]]

  [[ 7.5737084e-06]]

  [[ 5.9601671e-06]]

  [[-5.7180919e-06]]

  [[ 2.8510394e-06]]

  [[-2.5798704e-06]]

  [[ 2.1996095e-06]]

  [[-7.1362643e-07]]

  [[ 5.9754198e-06]]

  [[ 5.9945382e-06]]

  [[-5.0345425e-06]]

  [[-3.7197378e-06]]

  [[ 2.2447916e-06]]

  [[-2.6343421e-06]]

  [[-5.3285459e-07]]

  [[ 6.1785240e-06]]

  [[-7.7909599e-06]]

  [[ 6.2686668e-06]]

  [[-3.5995517e-06]]

  [[-5.7604907e-06]]]]
conv3_1.npy
(32,)
[-0.03554426  0.14649877  0.00754118  0.08386983  0.0951208   0.03723532
 -0.03313202 -0.03202755  0.15514246 -0.02433317 -0.05444232 -0.01490581
  0.0235583   0.10690913  0.095442    0.06302209 -0.00509752 -0.01520291
 -0.06781948 -0.0416847  -0.10721803  0.07315101 -0.01868431  0.07260066
 -0.04375698  0.01845457  0.05650551 -0.03483106 -0.02656549 -0.03097514
  0.00091739  0.01695523]
bbox_pred_1.npy
(4,)
[0.5002104  0.29998443 0.29998142 0.29998183]
prelu2_0.npy
(16,)
[7.779671e-06 7.765840e-06 7.756197e-06 7.775358e-06 7.749927e-06
 7.765840e-06 7.705478e-06 7.765840e-06 7.736783e-06 7.765092e-06
 7.766989e-06 7.767680e-06 7.770324e-06 7.650258e-06 7.765840e-06
 7.765523e-06]
conv3_0.npy
(32, 16, 3, 3)
[[[[ 4.3579348e-06  4.3240730e-06  4.0147147e-06]
   [ 9.6596671e-07  1.2957465e-06 -4.4782919e-06]
   [-3.1283291e-06 -2.6527960e-07  1.2423130e-06]]

  [[ 3.7741214e-07  6.1662820e-07  5.7774832e-07]
   [-2.5315958e-07  3.8129738e-06 -6.1748278e-07]
   [ 1.3809795e-06  9.1799456e-07 -3.8860426e-06]]

  [[ 3.1416291e-06 -1.7449941e-06  2.2552331e-06]
   [-7.0891254e-08  7.1502080e-07 -7.8980042e-07]
   [ 3.8117837e-06 -1.6298646e-06 -3.8996936e-06]]

  ...

  [[-3.5817616e-06  3.3611027e-06  1.3006850e-06]
   [-4.3261934e-07  2.9164009e-06  1.8685895e-06]
   [-1.2987765e-06  2.4873996e-06 -2.5435802e-06]]

  [[-1.1166802e-08 -1.8465259e-07  2.9094181e-07]
   [-2.4439773e-06 -3.0964222e-06 -1.1543170e-06]
   [-1.1360485e-06  2.1782221e-06 -3.1732104e-06]]

  [[-3.5506869e-07  2.0315688e-06 -3.8472840e-06]
   [-2.0916667e-07 -1.4812970e-06 -4.6145183e-07]
   [ 9.8393912e-07  3.4582911e-06  1.8121343e-06]]]


 [[[ 2.6737428e-07  3.3358453e-06 -7.9549312e-07]
   [-4.4144754e-06 -2.0526747e-06 -1.7853183e-06]
   [-3.8181624e-06  2.2538213e-06 -7.1438512e-07]]

  [[ 3.0991889e-06 -4.4114327e-06  3.3985484e-06]
   [-2.0315115e-06 -1.0626857e-06 -1.2726419e-07]
   [-7.1250270e-07  4.0194063e-06 -1.1718231e-06]]

  [[-3.4743819e-06 -2.4368901e-06  1.5800629e-06]
   [-3.1309746e-06  2.7759196e-08 -4.4320377e-06]
   [ 2.5131646e-06  2.4156102e-06 -3.1674876e-06]]

  ...

  [[-3.1826851e-06  2.5931922e-07  2.5819108e-06]
   [-3.7739369e-06 -1.1156852e-06  3.3828262e-06]
   [-3.9011134e-06  4.0733767e-06  2.0368880e-06]]

  [[ 2.6970417e-06 -1.4528059e-06 -2.0439938e-06]
   [-2.0571191e-07  1.4443070e-07  1.7512210e-06]
   [-1.5452650e-06  2.7892992e-07  3.8493641e-07]]

  [[-2.2352565e-06  4.2625134e-06  2.2755250e-06]
   [-1.6800816e-06 -6.4428195e-07  1.5220525e-06]
   [ 3.9636743e-06 -1.5521698e-06  4.2007550e-06]]]


 [[[ 2.4613164e-06 -4.1948770e-06 -1.5619773e-06]
   [-1.9205307e-07  3.4956947e-06 -3.7541263e-06]
   [ 2.2571357e-06 -7.0083445e-07  2.3551061e-06]]

  [[-3.1294007e-06 -2.6923655e-07  5.1522687e-07]
   [-2.5891839e-06  1.4786627e-06 -4.1072312e-06]
   [ 4.0341097e-06 -1.5932570e-06 -1.4574535e-06]]

  [[-4.1524868e-06  7.3745603e-08  1.7366726e-06]
   [ 3.3620211e-06  1.5258956e-06 -2.2327160e-06]
   [-6.2514619e-07  1.3267359e-06  2.3996547e-06]]

  ...

  [[-4.3775153e-06 -2.2131808e-06 -2.6391498e-07]
   [ 8.9889136e-07 -2.1001622e-06  2.8190429e-06]
   [ 1.7388542e-06 -4.0005830e-06  3.7845228e-07]]

  [[-3.3065967e-06  2.5794977e-06  3.0774893e-06]
   [ 6.8345184e-07  1.0679335e-06  1.7945273e-06]
   [ 2.8726765e-07  3.0274173e-06 -2.2504391e-06]]

  [[ 2.6402293e-07 -1.8376772e-06  4.0482751e-06]
   [ 3.3418557e-06 -1.6812436e-06 -7.0254009e-07]
   [ 2.2464026e-06 -3.9059428e-06  1.6448482e-07]]]


 ...


 [[[-1.4720957e-06 -2.0288080e-06 -4.2917400e-06]
   [ 2.0262821e-06  2.4288906e-06 -3.4888567e-06]
   [-1.0346370e-06  3.5435796e-06  6.3696035e-07]]

  [[ 1.9784059e-06  2.3058151e-06 -3.9581605e-06]
   [ 3.9657052e-06 -3.6301365e-06  1.0197372e-06]
   [-3.5573623e-06 -1.6428636e-06  3.3312102e-07]]

  [[-3.4951997e-06  2.5964607e-06 -3.8194239e-06]
   [-2.7629146e-06 -1.6155332e-06 -1.5073128e-06]
   [ 1.4436140e-06  2.7287269e-06  1.7513059e-06]]

  ...

  [[ 3.2002674e-06 -2.7668239e-06  2.4710732e-06]
   [ 4.2822885e-06 -3.8211047e-06  4.1328985e-06]
   [-1.5509508e-07  5.0829942e-07  3.6633521e-06]]

  [[ 1.3230278e-06  1.9953416e-06 -2.0306920e-06]
   [-2.8285788e-06  4.0670052e-06 -1.1219795e-06]
   [ 1.5354085e-06  2.4958604e-06  1.5088008e-06]]

  [[-3.4109794e-06 -4.3853343e-06 -2.8874949e-06]
   [ 3.1638699e-06 -1.8007642e-06  2.4945257e-06]
   [ 1.9184852e-06  1.6569637e-06  1.9467709e-06]]]


 [[[ 2.1607209e-06  3.4737620e-06 -3.0780163e-06]
   [-3.6118058e-06  1.9633785e-06  3.2821364e-07]
   [-3.6138481e-06 -3.4793786e-06  1.8573326e-06]]

  [[ 2.0220348e-06 -4.4699482e-06  1.7523436e-06]
   [ 2.4668636e-06 -2.2214040e-06 -8.5640572e-08]
   [ 2.0038949e-07 -2.6607674e-06  2.9271835e-06]]

  [[ 2.0556499e-06  2.1749663e-06 -1.6531206e-06]
   [-8.8109573e-07  3.4417328e-06  3.5500732e-06]
   [-2.8674729e-06 -2.0974846e-06  3.9325359e-06]]

  ...

  [[-3.1949165e-07 -6.6042858e-08 -4.2749946e-07]
   [ 3.3892891e-06  3.6371578e-06  4.2686111e-06]
   [ 3.0788983e-06 -3.1895024e-07 -2.9731257e-06]]

  [[ 2.3908385e-06  1.6497654e-07 -5.9138841e-08]
   [ 1.6094383e-06  1.4682200e-06  3.7881346e-06]
   [-2.4793678e-06  3.5321773e-06 -3.5135956e-06]]

  [[-8.4211842e-07  4.2963075e-06 -1.8561697e-06]
   [ 2.8255540e-06  5.1986217e-07 -1.9235886e-06]
   [-1.4877216e-06  7.7056859e-07  2.2949744e-06]]]


 [[[-1.0725244e-06  1.3546342e-06 -2.8994423e-06]
   [-2.7580832e-06 -7.2492048e-07 -1.7272278e-06]
   [-1.8157623e-06  2.3978413e-07 -4.3316390e-06]]

  [[ 2.7667861e-06 -1.0129718e-06 -3.9074289e-06]
   [ 3.7714328e-06 -3.9814781e-06  2.9400719e-06]
   [-4.0137888e-06  6.6126842e-07 -1.3961467e-06]]

  [[-1.6349160e-06 -2.4733556e-06 -2.4184953e-06]
   [-2.4563221e-06  4.0805426e-06 -5.6061413e-07]
   [ 5.7069093e-07  1.8103841e-06 -2.5409765e-06]]

  ...

  [[-1.4653265e-06  1.3060132e-06 -1.5870618e-06]
   [ 9.3897444e-07 -4.4770363e-06 -7.1257460e-07]
   [-3.8922035e-06 -1.0243839e-06 -1.1754147e-06]]

  [[-3.3965741e-06  1.8430343e-06  2.9056864e-07]
   [-2.9094504e-06 -2.4086339e-06  3.4624379e-06]
   [ 2.2718464e-06  3.1368081e-06  1.5550293e-06]]

  [[ 7.3816038e-09 -3.8365520e-06  2.6799489e-06]
   [ 4.3894224e-06 -1.1109786e-06  2.5169943e-06]
   [ 1.7473651e-06 -2.4385668e-06  3.7507332e-06]]]]
conv1_1.npy
(10,)
[-0.0260638   0.01519903 -0.00271606 -0.04078274  0.03619087 -0.01321888
 -0.00698321 -0.00512096  0.02789207 -0.01228182]
bbox_pred_0.npy
(4, 32, 1, 1)
[[[[-8.06914341e-06]]

  [[ 4.50709776e-05]]

  [[ 1.05693362e-05]]

  [[ 2.50539215e-05]]

  [[ 2.80051245e-05]]

  [[ 1.04888704e-05]]

  [[-7.53548829e-06]]

  [[ 5.97351664e-06]]

  [[ 4.42322198e-05]]

  [[-8.70582699e-06]]

  [[-2.85348983e-06]]

  [[-3.13973351e-06]]

  [[ 1.36964190e-05]]

  [[ 3.14334975e-05]]

  [[ 2.31383292e-05]]

  [[ 2.34003110e-05]]

  [[ 7.13690270e-06]]

  [[ 3.51888787e-07]]

  [[-5.34388755e-06]]

  [[-9.38621270e-06]]

  [[-2.51318124e-06]]

  [[ 2.24173837e-05]]

  [[-2.45915339e-06]]

  [[ 2.62931480e-05]]

  [[-7.63629487e-06]]

  [[ 1.09078082e-05]]

  [[ 1.07515425e-05]]

  [[-4.27009445e-06]]

  [[ 2.98158420e-06]]

  [[-9.32391231e-06]]

  [[-5.41705731e-07]]

  [[ 2.83363420e-06]]]


 [[[ 7.22250661e-06]]

  [[ 2.31986942e-05]]

  [[-3.32855780e-06]]

  [[ 1.10498486e-05]]

  [[ 1.03968487e-05]]

  [[ 1.16173715e-05]]

  [[-3.38210953e-06]]

  [[ 9.02118609e-06]]

  [[ 2.24596533e-05]]

  [[ 6.97152336e-06]]

  [[-5.83026122e-06]]

  [[-3.29387694e-06]]

  [[-2.76800711e-06]]

  [[ 1.48428335e-05]]

  [[ 2.16159533e-05]]

  [[ 6.25228449e-06]]

  [[-2.32267371e-06]]

  [[-2.03442937e-06]]

  [[ 1.65709776e-06]]

  [[ 5.25771111e-06]]

  [[-8.39383938e-06]]

  [[ 1.09697849e-05]]

  [[-6.75879528e-06]]

  [[ 6.46995659e-06]]

  [[-7.65229561e-06]]

  [[ 1.00114476e-05]]

  [[ 1.37026500e-05]]

  [[-1.82334281e-06]]

  [[-7.47325521e-06]]

  [[ 5.84773761e-06]]

  [[ 4.39176489e-07]]

  [[ 3.87342743e-06]]]


 [[[-6.49544518e-06]]

  [[ 3.06894181e-05]]

  [[-3.07771666e-06]]

  [[ 1.13588085e-05]]

  [[ 2.12462783e-05]]

  [[ 5.65331084e-06]]

  [[ 2.53357553e-06]]

  [[-6.23245023e-06]]

  [[ 3.17868653e-05]]

  [[ 4.47570102e-07]]

  [[ 1.87444891e-06]]

  [[ 1.93677920e-06]]

  [[-5.75752074e-06]]

  [[ 1.91001218e-05]]

  [[ 1.25137421e-05]]

  [[ 7.93512754e-06]]

  [[-9.05392790e-06]]

  [[-4.17169895e-06]]

  [[-3.55529119e-06]]

  [[-6.88663295e-06]]

  [[-3.39282963e-07]]

  [[ 1.93880569e-05]]

  [[ 1.48393804e-06]]

  [[ 7.22695677e-06]]

  [[-4.95255017e-06]]

  [[-6.43083013e-06]]

  [[ 9.41385952e-06]]

  [[-6.99612747e-06]]

  [[-2.03220475e-06]]

  [[-6.83028156e-06]]

  [[ 1.70877613e-07]]

  [[-2.21612640e-06]]]


 [[[-5.71506871e-06]]

  [[ 2.04369171e-05]]

  [[-5.40144401e-06]]

  [[ 2.10678045e-05]]

  [[ 1.87919140e-05]]

  [[ 5.49400920e-06]]

  [[-3.21501375e-06]]

  [[-8.17392356e-06]]

  [[ 2.57136653e-05]]

  [[-4.92043137e-06]]

  [[ 1.14928412e-06]]

  [[-7.64940523e-07]]

  [[ 1.10976207e-05]]

  [[ 2.12382129e-05]]

  [[ 2.13419808e-05]]

  [[ 5.18797015e-06]]

  [[-1.05371839e-06]]

  [[-1.87164892e-06]]

  [[-5.64173752e-06]]

  [[-6.63912670e-06]]

  [[ 2.48724564e-06]]

  [[ 6.49133926e-06]]

  [[ 2.62566550e-06]]

  [[ 1.47399614e-05]]

  [[ 3.66781296e-06]]

  [[-4.29784313e-06]]

  [[ 1.60510481e-05]]

  [[-1.48015801e-07]]

  [[ 5.28033797e-06]]

  [[ 6.64419758e-06]]

  [[ 2.40610734e-06]]

  [[ 7.24061510e-06]]]]
score_1.npy
(2,)
[ 0.07754523 -0.07661205]
conv2_0.npy
(16, 10, 3, 3)
[[[[-3.02892340e-06  2.46569334e-06  3.48329422e-06]
   [ 1.28101988e-06 -1.27208546e-06 -8.29161877e-07]
   [ 4.12344116e-06  2.85680790e-06  2.80291783e-06]]

  [[-8.21236313e-07  6.35485208e-07 -8.14773387e-07]
   [-4.12602367e-06 -1.56881231e-06 -4.99416547e-06]
   [-3.93452092e-06 -4.29743886e-06  4.95650283e-06]]

  [[-5.16589989e-06  4.72335660e-06 -4.45196247e-06]
   [ 3.19831292e-06 -3.11107783e-06  1.31961633e-06]
   [ 2.41600605e-06 -5.26290796e-06  6.77484536e-07]]

  ...

  [[-5.22102255e-06 -1.54659531e-07  3.56044575e-06]
   [ 1.20629250e-06  2.97852080e-06  7.81187850e-07]
   [-5.06994070e-07 -2.07138783e-06  3.61223726e-07]]

  [[ 5.53913105e-06 -4.43432282e-06  9.01412932e-07]
   [-4.01805983e-06 -1.36264896e-06  9.65712630e-08]
   [ 5.74774617e-07 -3.22841629e-06  2.77964750e-06]]

  [[ 4.72386591e-06  1.91981917e-06 -4.29037385e-07]
   [-2.66619736e-06 -4.17083766e-06 -4.91869105e-06]
   [ 2.99747740e-06 -1.47334538e-06 -3.25812584e-06]]]


 [[[ 1.47804428e-06 -4.82238329e-06 -3.28073020e-06]
   [-4.58235536e-06  2.87364242e-06 -3.82481858e-06]
   [-4.90996399e-06 -1.62140384e-06 -2.71198019e-06]]

  [[-4.61318086e-06  3.43388433e-06 -4.06924391e-06]
   [-3.50016967e-06  4.86599720e-06  1.55900091e-06]
   [ 8.45805232e-07  2.56958174e-07  3.82964799e-06]]

  [[ 4.82040787e-06  1.40039333e-06 -2.68293752e-06]
   [-1.98853104e-06 -4.92126264e-06  2.58820046e-06]
   [ 2.66821507e-06  2.59820155e-07  3.08916879e-06]]

  ...

  [[-5.27201473e-06 -3.69415284e-06 -1.64541405e-06]
   [-4.23437086e-06 -4.77665708e-06 -4.13512316e-06]
   [ 2.19532285e-06  6.83037058e-08 -5.52308256e-06]]

  [[-5.47932268e-06 -5.10976520e-07  5.02911416e-06]
   [ 5.18048182e-06  3.65827623e-06 -1.93290180e-06]
   [-5.55311499e-06 -3.68761306e-07 -3.72492218e-06]]

  [[-4.47222692e-06 -1.90114065e-06  3.86046715e-08]
   [-4.18179161e-06  4.37849940e-06  3.51418225e-06]
   [ 3.93648207e-07 -1.75739399e-06 -2.47493722e-06]]]


 [[[ 4.98614509e-06 -1.65528581e-06  9.24387791e-07]
   [ 4.48902756e-06  4.29111742e-06 -2.93809558e-06]
   [ 3.90435025e-06 -5.40633300e-06  4.59238254e-06]]

  [[ 5.23505605e-06 -5.02627017e-07 -8.41914641e-07]
   [ 4.78139782e-07 -1.79106598e-06  3.33942648e-06]
   [ 8.26598466e-07 -2.47808612e-06 -4.28378007e-06]]

  [[-1.08668353e-07  5.10660766e-06  1.12606415e-06]
   [-2.11227939e-06 -5.49328706e-06  5.13822761e-06]
   [ 1.06222103e-06 -3.19230935e-06 -7.50408219e-07]]

  ...

  [[-9.34422133e-07  1.45541730e-06 -1.72492935e-06]
   [-2.42946953e-06  2.26991256e-06  9.87610520e-07]
   [ 2.24297628e-06  2.83861118e-06 -4.82111318e-06]]

  [[ 4.01381612e-06 -5.30815032e-06  2.84288535e-06]
   [ 3.23214613e-06  2.19606568e-06  4.49264826e-06]
   [ 4.08375217e-06 -5.66891094e-06 -2.06172354e-06]]

  [[-2.67038581e-06  1.94140307e-06 -3.65841714e-07]
   [-5.53034113e-07 -1.58587909e-06 -1.33308924e-06]
   [-2.94245524e-06 -1.00745353e-06 -5.40437850e-06]]]


 ...


 [[[-7.67047027e-07 -4.18991613e-06  4.63583774e-06]
   [-3.85855674e-06  1.18954517e-06  4.19086655e-06]
   [ 3.01907880e-06  5.51818857e-06  4.64435956e-08]]

  [[ 4.96676921e-06 -3.30250742e-08 -1.34900847e-06]
   [ 3.87845375e-06 -2.12333788e-07 -4.91320361e-06]
   [ 1.91601748e-06  8.20137245e-07  3.53700943e-06]]

  [[ 5.02210241e-06  4.74166973e-06  2.02542935e-07]
   [-4.67710470e-06 -3.46562592e-06 -4.21370714e-06]
   [ 3.94654262e-06  2.67076189e-06 -2.81713096e-06]]

  ...

  [[ 3.81554264e-06  4.85227974e-06  2.76761784e-06]
   [ 4.49068193e-06 -1.95315852e-06 -9.66055822e-08]
   [-2.89659488e-06  4.04527600e-06  1.75227103e-06]]

  [[-9.21731555e-07  1.23571101e-06  2.08281199e-06]
   [-4.89746799e-06 -1.15524949e-06 -1.28446322e-06]
   [ 6.69475995e-08  4.14512442e-07 -3.51952031e-06]]

  [[ 4.45689057e-06  5.27456950e-06  4.98355257e-06]
   [-2.33382252e-06 -3.19718902e-06 -4.49751815e-06]
   [ 7.01667489e-07 -4.03411013e-06 -4.14937767e-06]]]


 [[[-5.51387666e-06  2.36619303e-06  2.44705097e-06]
   [-3.93587788e-06  7.29221028e-07 -5.64485754e-06]
   [ 3.33896264e-06 -5.51490211e-06  7.79382248e-08]]

  [[-3.28996202e-06  3.22314236e-06  4.50515472e-06]
   [ 2.13360522e-06 -5.04060017e-06  3.06465290e-06]
   [-2.44280523e-06 -1.14764509e-06 -4.11326982e-06]]

  [[ 1.67991141e-06  1.72272462e-06 -3.62822220e-06]
   [-4.03755075e-06 -2.01725811e-06 -2.14036004e-06]
   [-3.70976636e-06  5.16225828e-06 -1.03251375e-06]]

  ...

  [[-4.66485290e-06  5.06462300e-07  4.10121311e-06]
   [-1.30998870e-07 -4.84341263e-06  4.03671038e-06]
   [-1.93608867e-06  4.41137763e-06  3.52871780e-06]]

  [[-3.67473172e-06  4.81831194e-06  8.73294766e-07]
   [-2.96458279e-06  4.42195415e-06  5.24020379e-07]
   [-7.05969114e-07  5.91214530e-07  4.69034831e-06]]

  [[-2.50047805e-07 -2.49882487e-06 -5.61021693e-07]
   [ 1.24247083e-06  4.95190261e-06  2.07754715e-06]
   [-1.23884149e-06 -3.07487198e-06 -5.13163741e-06]]]


 [[[-5.51429639e-06 -2.77002209e-06 -9.43667374e-07]
   [-7.64129595e-07  4.97448582e-06 -2.33395963e-06]
   [-1.77957770e-06  4.72447766e-07  3.17397348e-06]]

  [[ 2.95769723e-06 -3.68799692e-06  4.61552190e-06]
   [-1.79130882e-06  3.08288145e-06 -4.02985324e-06]
   [ 7.37158985e-07  2.46015588e-06 -3.72542013e-06]]

  [[ 2.26077373e-06 -8.43078226e-07  2.13815383e-06]
   [ 2.82666042e-06 -2.79708001e-06 -5.29742238e-06]
   [ 2.18197283e-06 -2.02981525e-07 -3.09310894e-06]]

  ...

  [[ 3.72043792e-06 -2.70065289e-06  3.93049459e-06]
   [ 3.90815194e-06  6.24644656e-07  3.40685824e-06]
   [ 1.96535893e-06 -8.31837156e-07 -1.58001949e-08]]

  [[ 1.21165840e-06 -5.58306647e-06 -4.02358000e-06]
   [ 2.40320878e-06  1.06847814e-07  9.39510727e-08]
   [-2.30536671e-06 -3.51232507e-06  4.07722700e-06]]

  [[ 4.09583981e-06  1.94646714e-06  3.55867655e-06]
   [ 1.51403458e-06  2.50936637e-06 -4.25627559e-06]
   [-4.98696818e-06 -3.33541948e-07 -5.55017414e-06]]]]
conv1_0.npy
(10, 3, 3, 3)
[[[[-1.7183830e-06  1.0296154e-05  4.5626816e-06]
   [ 8.9577870e-06 -1.0352068e-05 -7.7011437e-06]
   [-4.0934765e-06  1.0334591e-05 -7.3152860e-06]]

  [[-5.4653083e-06 -8.4422200e-06 -2.1416981e-06]
   [-6.4972023e-06 -2.3212417e-06 -3.1982652e-06]
   [ 3.5152557e-06 -2.1378323e-06  9.0195435e-06]]

  [[ 8.0385354e-07  7.1717141e-06 -1.6733934e-06]
   [-3.8668959e-06  3.8356948e-06  5.0836672e-07]
   [-6.1204678e-06 -1.1710292e-06  7.8304101e-06]]]


 [[[-5.6001586e-06 -9.7872962e-06  7.1267544e-07]
   [ 3.5301912e-06  8.5727015e-06 -1.7125270e-06]
   [-8.8624120e-07  1.2154037e-06 -1.4351562e-06]]

  [[-7.4471905e-06  9.0938693e-06 -6.2519825e-06]
   [ 5.7651378e-06  6.2281010e-06  4.4725166e-06]
   [ 9.6971944e-06  6.2697700e-06 -3.8637768e-06]]

  [[-8.4326512e-06  3.9827946e-06  3.7591929e-07]
   [ 7.7946024e-06  7.5591806e-06  8.1718717e-06]
   [ 6.8162803e-06 -8.5932825e-06  6.8257186e-06]]]


 [[[-9.5456744e-06 -4.6998839e-06 -6.8374588e-06]
   [-9.1276033e-06  7.8309249e-06  3.5314467e-06]
   [-8.3177947e-06  1.9272873e-06 -1.6337735e-06]]

  [[ 3.5547700e-06  9.4823918e-06 -1.8267764e-06]
   [ 6.8681715e-07 -6.2634049e-06  3.9735573e-06]
   [-4.3565428e-06 -3.8204730e-06 -7.4113073e-06]]

  [[ 3.8622279e-06  5.8671353e-06  6.9297384e-06]
   [-1.8112228e-06 -9.9757217e-06 -9.6468193e-06]
   [ 5.1802085e-06  2.5685279e-06  1.0123780e-05]]]


 [[[ 3.3265910e-06  5.1392476e-06 -4.1729427e-06]
   [-4.5467659e-06 -1.1154970e-06  5.9906670e-06]
   [-5.7544985e-06 -8.2167580e-06 -8.8351562e-06]]

  [[-1.0790654e-06 -6.3703567e-07  8.4615676e-06]
   [-8.3628338e-06 -4.2740226e-06  8.3533569e-06]
   [-4.3949431e-06 -7.8799358e-06 -7.6616980e-06]]

  [[ 5.1356920e-07 -9.9533781e-06 -8.6227110e-06]
   [ 3.7034872e-06  8.6327409e-06 -5.9718541e-06]
   [ 8.4999392e-06 -4.8552611e-06 -4.1639432e-06]]]


 [[[-1.7450951e-07  1.7476060e-06 -9.2493719e-06]
   [ 1.3649659e-06  1.5348961e-06  2.3595401e-06]
   [-7.3158681e-06  9.4543611e-06  1.8494193e-06]]

  [[-4.9498599e-06  4.1367821e-06 -5.5703763e-06]
   [-8.2352153e-06  6.9268270e-07 -1.7798043e-06]
   [ 9.3177268e-06  4.0258233e-06 -1.4372719e-07]]

  [[-1.7772536e-06  8.4079289e-07 -9.3199669e-06]
   [ 5.4979005e-06  7.4337731e-07 -9.4153811e-06]
   [ 3.3920103e-06 -7.4559111e-06  3.0833840e-07]]]


 [[[ 6.0553584e-06  9.2070695e-06 -9.7372840e-06]
   [ 1.7924631e-06  7.9341171e-06  8.3540062e-06]
   [ 8.4467888e-07 -7.5075004e-06 -1.0772723e-06]]

  [[-7.4701920e-06  8.1206945e-06  6.3657480e-06]
   [-2.5350898e-06 -2.1189994e-06  7.9573323e-07]
   [-6.9301404e-06  3.1539448e-06  8.8532461e-06]]

  [[-2.8731274e-06 -3.1526070e-06  1.4705100e-06]
   [ 5.1940469e-06  2.8544446e-06  4.6801733e-06]
   [-7.7386248e-06  7.9378533e-06  3.9389261e-06]]]


 [[[ 2.5611137e-06  3.0597259e-06  5.1967436e-06]
   [-3.0247606e-06 -3.1291490e-06  5.4512693e-06]
   [-4.7645349e-06 -2.9710691e-06  8.1983899e-06]]

  [[ 5.2349696e-06 -1.4891523e-06  7.8971689e-06]
   [ 9.6263238e-06 -1.0112799e-05  3.3846966e-06]
   [-3.9157765e-08  2.5201814e-06 -8.8263068e-06]]

  [[-7.9781830e-06  5.9424460e-06  9.3084336e-06]
   [-9.0276917e-06 -1.0372618e-06 -2.9963664e-06]
   [ 1.6233635e-06  9.1499669e-06 -1.9023865e-06]]]


 [[[-2.4891419e-06 -5.4458851e-06  5.4447873e-06]
   [ 8.3535315e-06  5.6244371e-06  1.5258233e-06]
   [-4.1136068e-06 -1.0295019e-05  5.6481335e-06]]

  [[ 2.4259439e-06 -7.1874474e-06 -3.5899909e-06]
   [ 1.6284235e-06  5.6034531e-07 -1.0167911e-05]
   [ 7.9924403e-06  4.3290411e-06 -2.9557857e-06]]

  [[-6.0799573e-07  8.4603225e-06  5.4794209e-06]
   [ 2.5546553e-06 -6.7526031e-07 -1.0026806e-05]
   [-4.7837370e-06  8.8931802e-06  6.8689978e-06]]]


 [[[ 3.9532633e-06  1.0628839e-06  1.0299020e-05]
   [-8.9031473e-06 -6.7854608e-06 -5.7001040e-07]
   [-7.5145235e-06  5.0273989e-06  8.9585819e-06]]

  [[-6.3792486e-06  4.0758887e-06 -7.3906858e-07]
   [-8.9876576e-06 -5.5838846e-06  5.2903597e-06]
   [ 1.7079901e-07  5.2574960e-06 -6.0352199e-06]]

  [[ 8.7603730e-06 -9.3334229e-06  4.3804480e-06]
   [ 3.9060927e-07 -7.7809427e-06 -6.7867481e-06]
   [-9.9427598e-06 -2.1472395e-06 -9.8116452e-06]]]


 [[[-8.1310382e-06 -9.7682596e-06  2.0316081e-07]
   [-5.2556907e-06 -8.2393335e-06  7.4557806e-06]
   [-4.3754208e-06  8.0414941e-07 -5.5549890e-06]]

  [[ 1.0938872e-06  9.6848971e-06  7.0830861e-06]
   [-4.5907827e-06 -7.7829627e-06 -5.5163810e-06]
   [-4.5728639e-06 -8.4584290e-06  1.7759797e-06]]

  [[ 1.4510000e-06  9.7248294e-06 -1.6996494e-06]
   [ 1.2638706e-06 -2.7368237e-06 -9.9682939e-06]
   [ 6.4817782e-06  6.2257800e-06 -4.3538353e-06]]]]
prelu3_0.npy
(32,)
[7.5672333e-06 7.7658397e-06 7.7690192e-06 7.7658397e-06 7.7658397e-06
 7.8429994e-06 7.7053155e-06 7.7188870e-06 7.7658397e-06 7.6952383e-06
 7.7683535e-06 7.7762525e-06 7.7658397e-06 7.7658397e-06 7.7658397e-06
 7.7658397e-06 7.7551058e-06 7.7683808e-06 7.8112798e-06 7.7640489e-06
 7.7369077e-06 7.7658397e-06 7.6970364e-06 7.7658397e-06 7.7050045e-06
 7.7658397e-06 7.7658397e-06 7.7633622e-06 7.7527511e-06 7.7658897e-06
 7.7658397e-06 7.7658397e-06]
prelu1_0.npy
(10,)
[7.754517e-06 7.765840e-06 7.760957e-06 7.746557e-06 7.765840e-06
 7.751683e-06 7.761671e-06 7.752019e-06 7.765840e-06 7.745424e-06]
conv2_1.npy
(16,)
[ 0.00836356  0.00750509 -0.0133154   0.04814808  0.00841003  0.04809203
 -0.02537085  0.06701138 -0.00010046 -0.01464425 -0.03757563 -0.02608309
 -0.01676945 -0.05589928  0.0881722  -0.00255838]
